3568272
3568292
3568294
3568295
3568338
3568395
3568396
3568398
3568399
3568429
3568612
3568662
3568664
3568672
3568674
3568677
3568737
3568741
3568822
3569046
3569089
3569110
3569114
3569118
3569159
3569190
3571057
3571058
3571094
3571152
3571243
3571287
3571304
3572131
3572242
3572708
3573229
3573290
3573393
3573406
3573459
3573636
3573676
3573920
3573951
3574185
3574233
3574259
3574449
3574559
3574565
3574567
3689396
3689457
3689688
3689801
3689832
3689840
3690055
3690145
3690322
3690387
3690388
3690457
3690514
3690524
3690546
3690548
3690560
3690561
3690567
3690573
3690576
3690578
3690641
3690789
3690827
3690894
3690956
3691048
3691055
3691063
3691071
3691074
3691078
3691079
3691084
3691103
3691151
3691153
3691181
3691232
3691238
3691260
3691266
3691270
3691299
3691327
3691367
3691368
3691369
3691373
3691374
3691384
3691386
3691387
3691389
3691392
3691469
3691476
3691522
3691599
3691606
3691730
3691769
3691802
3691837
3692384
3692523
3692524
3692526
3692538
3692539
3692580
3692622
3692662
3692667
3692680
3692681
3692771
3692811
3692819
3692823
3692845
3692855
3692903
3692926
3692930
3692935
3692940
3693127
3693152
3693263
3693315
3693329
3693331
3693387
3693422
3693641
3693643
3693665
3693687
3693693
3693701
3693707
3693740
3693782
3693787
3694021
3694032
3694054
3694094
3694165
3694214
3694226
3694227
3694228
3694239
3694248
3694286
3694295
3694296
3694302
3694308
3694410
3694432
3694637
3694671
3694743
3694815
3694846
3694850
3694862
3695006
3695032
3695033
3695203
3695205
3695208
3695213
3695214
3695219
3695220
3695226
3695229
3695248
3695373
3695420
3696069
3696094
3696402
3696448
3696497
3696919
3697096
3697101
3697170
3697504
3697570
3697615
3697689
3697706
3697733
3697772
3698264
3698287
3698302
3698384
3698434
3698534
3698950
3698973
3699004
3699308
3699315
3699358
3699402
3699471
3699488
3699556
3699650
3699705
3699748
3699839
3699928
3700004
3700180
3700731
3700804
3700937
3700999
3701001
3701225
3701232
3701297
3701525
3701650
3701667
3701696
3701769
3702253
3702395
3702444
3702496
3702519
3702619
3702718
3702759
3702778
3702806
3702865
3702946
3703037
3703069
3703107
3703111
3703121
3703122
3703215
3703217
3703253
3703269
3703288
3703339
3703404
3703450
3703490
3703547
3703589
3703659
3703791
3703793
3703805
3703806
3703808
3703809
3703812
3703817
3703818
3703835
3703836
3703842
3703846
3703847
3703848
3703852
3703857
3703858
3703898
3703950
3704072
3704110
3704161
3704228
3704242
3704245
3704319
3704489
3704495
3704667
3704683
3704738
3704871
3704882
3704968
3704969
3705064
3705134
3705267
3705386
3705396
3705477
3705515
3705516
3705519
3705539
3705593
3705600
3705735
3705740
3705986
3706307
3706368
3706369
3706389
3706406
3706412
3706430
3706438
3706466
3706473
3706481
3706485
3706526
3706640
3706647
3706672
3706808
3706845
3706848
3706944
3706947
3706955
3707006
3707010
3707104
3707463
3707465
3707807
3708029
3708619
3708719
3709125
3709176
3709267
3709314
3709316
3709329
3709508
3709518
3709530
3709555
3709560
3709565
3710821
3710846
3711045
3711060
3711061
3711064
3711191
3711210
3711302
3711303
3711318
3711365
3711369
3711431
3711698
3711804
3712340
3712831
3712855
3712860
3712883
3712920
3712933
3712954
3712971
3712986
3713002
3713006
3713012
3713019
3713022
3713042
3713049
3713054
3713070
3713101
3713110
3713152
3713155
3713180
3713267
3713431
3713445
3713478
3713512
3713600
3713607
3713629
3713666
3713671
3713844
3713862
3713949
3714022
3714048
3714051
3714074
3714115
3714145
3714157
3714215
3714219
3714338
3714351
3714362
3714445
3714499
3714500
3714502
3714503
3714504
3714509
3714512
3714516
3714519
3714629
3714689
3714705
3714746
3714814
3714816
3714818
3714821
3714822
3714823
3714830
3714832
3714863
3714868
3714924
3714965
3714967
3714969
3714972
3714973
3714979
3715170
3715174
3715196
3715272
3715310
3715386
3715411
3715429
3715444
3715526
3715548
3715566
3715583
3715618
3715627
3715652
3715657
3715689
3715692
3715732
3715753
3715754
3715755
3715759
3715761
3715762
3715763
3715764
3715766
3715771
3715773
3715781
3857404
35723095
49679150
49916422
49916534
49917324
49917545
49917565
49917571
49917582
49917604
49917744
49917818
49917831
49917986
49918003
50895548
50895559
54531765
54533124
54533372
54533399
54533445
54533450
54533457
54533474
54533543
54533598
54533701
54533738
54533858
54533871
54533876
54534032
54534067
54534132
54534255
54534465
58276401
58358196
58359798
58359844
58359923
58359994
58360106
58360204
58360260
58360323
58360543
58360548
58360579
58360931
58360933
58360945
58360964
58360978
58477163
58580038
58755722
59205821
59208367
59278076
59278079
59691826
59691832
59750566
60200002
60200128
60200646
60200690
60200726
60200747
60200773
60200774
60200815
60200851
60200918
60200923
60201021
60201024
60201094
60201126
60201145
60201169
60260962
60261091
60261114
60261176
60262253
60262315
60262509
60263204
60263338
60263343
60263367
60263483
60263492
60263791
60263866
60263889
60263894
60263898
60263900
60263903
60263905
60263915
60263958
60264009
60264058
60264068
60264138
60264221
60344555
60556491
60876351
61197420
61958928
61958932
61958990
61959004
61959021
61959463
61959540
61959565
61959594
61959609
61959660
61959726
61959727
61959729
61959731
61959732
61959755
61959762
61959764
61959805
61959829
62007469
62007506
62008441
62008463
62008474
62008588
62008684
62008686
62008708
62008726
62008750
62008771
62008834
62008861
62008885
62008903
62008905
62008906
62008925
62008950
62009191
62009224
62009248
62009254
62009307
62009394
62009400
62009415
62009424
62009438
62009535
62009537
62009538
62009540
62009542
62009617
62009722
62009747
62009748
62010159
63691819
63692021
63692031
63692054
63692060
63692144
63692165
63692234
63693836
63693840
63693844
63693845
63693850
63693857
63693869
63693871
63693872
63693873
63693876
63693878
63693879
63693927
63693936
63694000
63694005
63694007
63694024
63694080
63694093
63694098
63694222
63694296
63694345
63694349
63694383
63694454
63694491
63694492
63694497
63694540
63694584
63694590
63694591
63694849
63695057
63695058
63695084
63695318
63695323
63695324
63695329
64545324
64695367
65434077
65544424
65544669
65544746
65544784
65544785
65544795
65546425
65546478
65547749
65549610
65549936
65550002
65550069
65550081
65550164
65550187
65550190
65550207
65556896
65556903
65557116
65558569
65558664
65558741
65558742
65558743
65558744
65558781
65558805
65558849
65558881
65559098
65559241
65559265
65559310
65559326
65559429
65559469
65559546
65559556
65559586
65559760
65559761
65559762
65559763
65559788
65559938
65559950
65559956
65559971
65559973
65559985
65559987
65560013
65560023
65560025
65560043
65560054
65560057
65560066
65560070
65560074
65560084
65560101
65560149
65560169
65560174
65560180
65560202
65560211
65560212
65560952
65561044
65561106
65561129
65561174
65561208
65561254
65561263
65561309
65561318
70395264
70428000
70429287
70447373
70447473
70447510
70447542
70448211
70448239
70448256
70448263
70448295
70448331
70448363
70448364
70448389
70448390
70448419
70451201
70456551
70456601
70456623
70456725
70456747
70456862
70459281
70459315
70459316
70459503
70459690
70459777
70459787
70459792
70459802
70459844
70459851
70459958
70459961
70459964
70459967
70460018
70460019
70460021
70460024
70460026
70460027
70460110
70460144
70460146
70460151
70460183
70460460
70460498
70460499
70460513
70460515
70460516
70460577
70460578
70460595
70460728
70460785
70460853
70460897
70460918
70460934
70460935
70460940
70460943
70461101
71495909
80390759
80808676
80809388
80809508
80809756
80810218
80810850
80811183
80813164
80814636
80814709
80815313
80815751
80815817
80816836
80817078
80818488
80819898
80820114
80820428
80822464
80823088
80823965
80824124
80824384
80824593
80825598
80826409
80827048
80828098
80828469
80828598
80828992
80829383
80829518
80830472
80830663
80831011
80831074
80831408
80831874
80832154
80832239
80833731
80834199
80834869
80835664
80837664
80837794
80839825
80839857
80841716
80841981
80842232
80842567
80842862
80843647
80843748
80844059
80845518
80845709
80846962
80847005
80847849
80848075
80849133
80850577
80850867
80852396
80852546
80853669
80854413
80855702
80856300
80856465
80856486
80856917
80856928
80856997
87690156
87690424
87690615
87692476
87692577
87692821
87694179
87695766
87696132
87697138
87697717
87697751
87698206
87699888
87700794
87701644
87702167
87702704
87702897
87703021
87703405
87704379
87704384
87705621
87705886
87706215
87707530
87709000
87709385
87709767
87709885
87710172
87710555
87711101
87711765
87712102
87712393
87714434
87714450
87715152
87715741
87716181
87716574
87717498
87717814
87717869
87718035
87718433
87718783
87719532
87720277
87720399
87720626
87720795
87721013
87721222
87724622
87726185
89879185
89879620
89879793
89880158
89880594
89885126
89886039
89887230
89889533
89890766
89893717
89895560
89901654
89903064
89904659
89911772
89912075
89914379
89915833
89917054
89917324
89918310
89918935
89919757
89919910
89922082
89922674
89924819
89925610
89931134
89931531
89932303
89933302
89936247
89942606
89944894
89946565
89948094
89956783
89958722
89962605
89971580
89975088
89977460
98364953
99345941
99346106
99346132
99346136
99356449
99356533
99356582
101229603
101231156
101243534
101246363
101255751
101272919
101288083
101295624
101304199
101314278
101347795
101357822
101367081
101368300
101376923
101379394
101425133
101446977
101517887
101524669
101528138
111032960
113499603
113499604
113499605
113950843
113951249
113951859
113952592
113952665
113952877
113955099
113957366
113957933
113959113
113959426
113959528
113960040
113960454
113960609
113962786
113962871
113963217
113964414
113964895
113965126
113965341
117890638
118420295
119094248
121069927
121071286
121073035
2090797098
2090811981
2090815630
2090871571
2090874061
2090879389
2090902318
2090969311
2091146752
2091146753
2091146754
2091146755
2091149526
2091156228
2091563940
2091591909
2091609563
2091613325
2091613681
2091647383
2091648492
2091648503
2091781781
2091781783
2091781784
2091781787
2091986119
2091996104
2092184842
2092362525
2092495681
2092542987
2092543054
2092640443
2092645451
2092730655
2092811494
2092942103
2092953399
2093044483
2093235076
2093311414
2093318478
2093379163
2093518038
2093720235
2093873335
2093907416
2093928403
2094062954
2094233677
2094245259
2094249274
2094330881
2094401606
2094441309
2094456314
2094549308
2094559122
2094607483
2094637381
2094647416
2094667300
2094742445
2094826380
2094833790
2094889128
2094895148
2094962866
2095045518
2095090679
2095100798
2095132812
2095143334
2095183523
2095217100
2095264850
2095368589
2095385964
2095390828
2095394738
2095397390
2095400781
2095467672
2095515456
2095686213
2095957697
2096073262
2096098000
2096294391
2096389603
2096432088
2096739226
2096806991
2096947801
2097015047
2097102531
2097186213
2097190442
2097237426
2097292623
2097316471
2097778672
2097906047
2097927925
2097942748
2098018904
2098232638
2098240026
2098245321
2098317908
2098387354
2098411795
2098822056
2099032187
2099032363
2099128045
2099178879
2099202021
2099249622
2099477314
2099745971
2099881419
2100040342
2100100491
2100199588
2100483012
2100890312
2100891353
2100916273
2101344407
2101442159
2101655963
2101828004
2101908333
2102318923
2102458743
2102553509
2102852696
2102935789
2102990686
2103429593
2103914095
2104770388
2104895790
2105167247
2105624253
2105875724
2106451020
2106632258
2107078144
2107245100
2107255876
2107371709
2107517294
2108008753
2108070857
2108349288
2108577220
2109204510
2110528170
2110998249
2111327006
2111425364
2111427296
2111997283
2112589195
2112642820
2112716519
2112795143
2112934093
2113212111
2113853971
2114016362
2114058225
2114060867
2114159951
2114200472
2114538054
2115275034
2115405310
2115446993
2115718639
2116426988
2117145987
2117745778
2118082833
2120044138
2120249204
2120884570
2121106480
2121200530
2122243792
2122830819
2123019753
2123164128
2123225795
2123596438
2123862517
2123946931
2124017663
2124193462
2124722311
2124799484
2125692939
2125713315
2126207177
2126222885
2126496194
2126530771
2126815494
2126987399
2127096029
2127505279
2127722193
2127959579
2128242778
2128478387
2128776869
2128777080
2129802964
2130396322
2130456245
2130461424
2130857005
2131063827
2131126001
2132079124
2132255382
2132265344
2132318460
2132568789
2132724062
2132785303
2132872239
2133200033
2133282565
2133777770
2134049281
2134203046
2135994577
2136073171
2136210783
2136427827
2136562788
2136636278
2137167938
2137439510
2137456809
2137709858
2137800633
2137864750
2138254951
2138400717
2138649501
2138655386
2138695362
2138928645
2139390687
2139427312
2139643669
2139711036
2140028616
2140294050
2140306404
2140463692
2140792034
2140873520
2141844841
2141845665
2142048163
2142521815
2142552290
2143093886
2143366572
2143882126
2144030663
2144229494
2144273682
2144664200
2144909796
2145397257
2145568273
2145914500
2145964035
2146035741
2146371590
2146372169
2146372290
2146473635
2146486369
2146710187
2146795686
2146845505
2146845534
2146855469
2146966585
